20326
10113
10013
20420
00179
00029
10109
10275
20365
20427
10270
10208
20464
30748
00095
20322
10031
10298
10085
00115
20397
20364
00128
10211
00020
30757
20482
00094
00141
10155
10037
10181
10153
10240
00108
10263
20413
20494
10180
00165
20408
00081
30750
20490
10187
00192
10133
10138
00071
00174
10242
30597
00125
10212
00186
10248
10103
10128
20331
00129
10108
10160
10173
10170
10177
20373
00090
30753
10171
10107
10006
20417
10088
00126
10157
20493
10144
10231
00032
20336
00034
30565
20333
00018
20483
10163
00154
20407
10217
30749
10289
10300
10097
10291
10112
10092
10204
00019
30674
00010
20442
10168
10197
00196
00160
10052
20429
20339
10148
00051
10284
20382
00055
00122
20376
20491
20366
20353
00060
10151
00149
10299
00002
00191
10136
00180
10080
10077
20469
10066
20393
10201
10235
00156
10278
10175
20378
10141
00136
10309
20495
10073
10024
00027
10078
20355
20432
20387
00145
20354
00147
10025
00053
10179
00140
30413
00017
10251
30752
10241
20425
10292
20437
20391
20399
20411
00021
10076
00056
00085
30779
20428
10219
20409
10016
10072
20472
00024
30480
00198
10193
20463
20380
10134
00046
00162
10216
10023
10140
30517
20334
10032
10164
20403
00121
20369
10210
00066
20398
20368
00103
10057
10127
20476
00117
00072
00104
20455
10018
10119
00044
30773
20435
10047
30778
00063
00143
10293
00150
20342
00100
00038
30781
10075
00057
10277
10305
10161
10081
20475
00084
10184
20414
20361
00086
10178
10123
20381
10139
10287
20367
10239
20374
10302
20422
20329
00011
20470
20370
10124
10154
20459
00007
10135
10188
10224
00013
10091
10307
30768
10142
00105
00177
10090
20467
10268
30746
00098
10079
